1000 50000 150
0 0 0 3 0 9
1 0 0 3 0 19
2 0 1 3 0 30
3 1 0 10 0 45
4 1 0 9 1 4
5 1 0 9 1 22
6 1 1 9 1 43
7 2 0 31 2 5
8 2 0 26 2 27
9 2 0 27 2 51
10 2 0 27 3 15
11 2 0 26 3 41
12 2 0 26 4 6
13 2 0 26 4 30
14 2 0 25 4 54
15 2 0 26 5 18
16 2 0 26 5 41
17 2 0 26 6 3
18 2 0 26 6 26
19 2 0 26 6 49
20 2 0 26 7 12
21 2 0 26 7 35
22 2 0 26 7 57
23 2 0 26 8 20
24 2 0 26 8 41
25 2 0 25 9 3
26 2 0 26 9 26
27 2 0 25 9 47
28 2 0 25 10 8
29 2 0 25 10 30
30 2 0 25 10 54
31 2 0 25 11 16
32 2 0 25 11 39
33 2 0 25 12 2
34 2 0 25 12 31
35 2 1 25 12 56
36 3 0 38 13 22
37 3 0 38 13 52
38 3 0 37 14 24
39 3 0 37 15 0
40 3 0 34 15 32
41 3 0 34 16 2
42 3 0 34 16 32
43 3 1 34 17 1
44 4 0 71 17 30
45 4 0 67 18 1
46 4 0 69 18 33
47 4 0 67 19 5
